Duración RK4: 0.704753 s
1
0.998451
0.993809
0.986094
0.975338
0.961585
0.944894
0.925334
0.902985
0.877942
0.850307
0.820195
0.787731
0.753049
0.716293
0.677613
0.637169
0.595126
0.551657
0.506939
0.461154
0.414487
0.367128
0.319267
0.271096
0.222807
0.174593
0.126643
0.0791459
0.0322874
-0.013751
-0.0587926
-0.102666
-0.145205
-0.186251
-0.225654
-0.26327
-0.298964
-0.332613
-0.364101
-0.393323
-0.420184
-0.444602
-0.466505
-0.485834
-0.502538
-0.516584
-0.527945
-0.536611
-0.542582
-0.545869
-0.546496
-0.5445
-0.539927
-0.532836
-0.523296
-0.511386
-0.497197
-0.480827
-0.462384
-0.441986
-0.419755
-0.395825
-0.370333
-0.343422
-0.315242
-0.285947
-0.255692
-0.224638
-0.192947
-0.160782
-0.128307
-0.0956839
-0.0630763
-0.0306443
0.00145399
0.0330641
0.0640354
0.0942219
0.123483
0.151685
0.178699
0.204404
0.228688
0.251446
0.272581
0.292006
0.309644
0.325426
0.339294
0.351201
0.361107
0.368986
0.374821
0.378605
0.380343
0.380048
0.377745
0.373468
0.367261
0.359177
0.349279
0.337637
0.324332
0.309449
0.293084
0.275337
0.256316
0.236134
0.214907
0.19276
0.169817
0.146207
0.122063
0.0975159
0.072701
0.0477522
0.0228035
-0.0020123
-0.026564
-0.0507228
-0.0743629
-0.0973624
-0.119603
-0.140973
-0.161362
-0.180671
-0.198803
-0.21567
-0.23119
-0.245289
-0.257902
-0.268969
-0.278443
-0.286282
-0.292454
-0.296937
-0.299715
-0.300784
-0.300146
-0.297816
-0.293814
-0.288169
-0.28092
-0.272113
-0.261802
-0.250048
-0.23692
-0.222492
-0.206847
-0.190072
-0.172258
-0.153503
-0.133909
-0.113581
-0.0926264
-0.0711565
-0.0492839
-0.0271224
-0.00478661
0.0176087
0.0399495
0.0621226
0.0840167
0.105523
0.126535
0.14695
0.166669
0.185597
0.203646
0.220732
0.236774
0.251702
0.26545
0.277959
0.289176
0.299058
0.307567
0.314675
0.320359
0.324607
0.327412
0.328777
0.328712
0.327234
0.32437
0.320151
0.314618
0.307819
0.299806
0.290641
0.280388
0.26912
0.256913
0.24385
0.230016
0.2155
0.200396
0.1848
0.168809
0.152523
0.136042
0.119469
0.102903
0.0864465
0.0701981
0.0542559
0.0387154
0.0236695
0.00920789
-0.00458372
-0.0176237
-0.0298351
-0.041146
-0.0514902
-0.0608072
-0.0690426
-0.0761487
-0.0820845
-0.0868158
-0.0903158
-0.092565
-0.0935511
-0.0932696
-0.0917234
-0.088923
-0.0848861
-0.0796382
-0.0732118
-0.0656465
-0.0569888
-0.0472919
-0.0366153
-0.0250246
-0.0125909
0.000609151
0.0144941
0.0289781
0.0439712
0.0593799
0.0751076
0.0910555
0.107122
0.123206
0.139203
0.15501
0.170523
0.185639
0.200258
0.21428
0.227609
0.240149
0.251811
0.262509
0.27216
0.280688
0.288021
0.294093
0.298845
0.302224
0.304183
0.304684
0.303694
0.30119
0.297156
0.291583
0.28447
0.275826
0.265666
0.254015
0.240903
0.226371
0.210465
0.193241
0.174762
0.155095
0.134318
0.112513
0.0897675
0.0661764
0.0418389
0.0168589
-0.00865526
-0.0345914
-0.0608342
-0.0872657
-0.113766
-0.140212
-0.166483
-0.192454
-0.218004
-0.243009
-0.267348
-0.290904
-0.313559
-0.335201
-0.355719
-0.375009
-0.392968
-0.409503
-0.424524
-0.437945
-0.449691
-0.459691
-0.467882
-0.474209
-0.478624
-0.481089
-0.481572
-0.480051
-0.476513
-0.470953
-0.463375
-0.453792
-0.442226
-0.428708
-0.413276
-0.395979
-0.376873
-0.356021
-0.333497
-0.309379
-0.283754
-0.256717
-0.228366
-0.198808
-0.168155
-0.136523
-0.104033
-0.070811
-0.0369845
-0.00268532
0.0319527
0.066794
0.101702
0.13654
0.17117
0.205456
0.239263
0.272457
0.304909
0.336489
0.367075
0.396545
0.424785
0.451684
0.477137
0.501046
0.523319
0.543871
0.562623
0.579505
0.594456
0.607419
0.618351
0.627212
0.633974
0.638618
0.641131
0.641513
0.639768
0.635913
0.629972
0.621977
0.611969
0.599998
0.58612
0.570402
0.552915
0.533738
0.512957
0.490666
0.466961
0.441947
0.415731
0.388428
0.360153
0.331027
0.301173
0.270716
0.239785
0.208506
0.17701
0.145425
0.113881
0.0825041
0.0514218
0.0207579
-0.00936629
-0.0388323
-0.0675254
-0.0953348
-0.122154
-0.147883
-0.172425
-0.19569
-0.217594
-0.23806
-0.257016
-0.274398
-0.290151
-0.304224
-0.316575
-0.327171
-0.335984
-0.342996
-0.348197
-0.351583
-0.353158
-0.352935
-0.350935
-0.347183
-0.341715
-0.334572
-0.325803
-0.315462
-0.30361
-0.290314
-0.275646
-0.259685
-0.242512
-0.224215
-0.204883
-0.184612
-0.1635
-0.141646
-0.119152
-0.0961237
-0.0726656
-0.0488842
-0.0248861
-0.000777993
0.0233342
0.0473455
0.0711524
0.0946532
0.117748
0.140342
0.162339
0.183651
0.20419
0.223875
0.242627
0.260375
0.277048
0.292586
0.30693
0.320028
0.331834
0.342308
0.351416
0.35913
0.365426
0.370291
0.373712
0.375688
0.376219
0.375315
0.372989
0.369261
0.364156
0.357704
0.349942
0.34091
0.330654
0.319223
0.306671
0.293056
0.278439
0.262886
0.246464
0.229243
0.211296
0.192698
0.173524
0.153852
0.133761
0.11333
0.0926372
0.0717629
0.0507856
0.0297834
0.00883343
-0.0119886
-0.0326084
-0.052954
-0.072955
-0.092544
-0.111656
-0.130228
-0.148203
-0.165523
-0.182136
-0.197994
-0.213051
-0.227267
-0.240603
-0.253026
-0.264508
-0.275022
-0.284547
-0.293067
-0.300568
-0.307042
-0.312483
-0.31689
-0.320267
-0.322619
-0.323958
-0.324296
-0.323651
-0.322043
-0.319496
-0.316036
-0.311691
-0.306495
-0.300479
-0.293681
-0.286138
-0.277891
-0.26898
-0.259448
-0.249339
-0.238697
-0.227568
-0.215998
-0.204033
-0.191719
-0.179102
-0.166229
-0.153144
-0.139894
-0.126521
-0.113069
-0.0995812
-0.0860971
-0.0726568
-0.0592985
-0.0460588
-0.0329726
-0.0200731
-0.00739184
0.00504172
0.0171999
0.0290572
0.0405897
0.051776
0.0625964
0.0730332
0.083071
0.0926962
0.101897
0.110665
0.11899
0.126869
0.134296
0.141269
0.147788
0.153854
0.159469
0.164637
0.169364
0.173655
0.17752
0.180966
0.184004
0.186644
0.188899
0.190779
0.1923
0.193473
0.194313
0.194835
0.195053
0.194981
0.194636
0.194032
0.193184
0.192107
0.190816
0.189326
0.187651
0.185805
0.183803
0.181657
0.17938
0.176986
0.174486
0.171891
0.169214
0.166463
0.16365
0.160784
0.157874
0.154927
0.151953
0.148958
0.145949
0.142932
0.139914
0.136899
0.133892
0.130897
0.12792
0.124962
0.122028
0.11912
0.116241
0.113392
0.110577
0.107795
0.105049
0.102341
0.0996697
0.0970373
0.0944441
0.0918906
0.089377
0.0869036
0.0844704
0.0820775
0.0797248
0.0774122
0.0751394
0.0729062
0.0707122
0.0685572
0.0664407
0.0643623
0.0623216
0.0603181
0.0583512
0.0564204
0.0545251
0.0526647
0.0508386
0.0490462
0.0472866
0.0455592
0.0438631
0.0421977
0.040562
0.0389552
0.0373764
0.0358246
0.0342989
0.0327984
0.0313219
0.0298686
0.0284374
0.0270272
0.025637
0.0242659
0.0229128
0.0215768
0.020257
0.0189523
0.0176622
0.0163857
0.0151222
0.013871
0.0126318
0.0114041
0.0101876
0.00898213
0.00778772
0.00660446
0.00543261
0.0042726
0.00312499
0.00199053
0.000870089
-0.000235256
-0.00132429
-0.00239564
-0.00344777
-0.004479
-0.00548751
-0.00647134
-0.00742844
-0.00835661
-0.00925359
-0.010117
-0.0109446
-0.0117337
-0.0124821
-0.0131873
-0.0138468
-0.0144583
-0.0150196
-0.0155285
-0.0159831
-0.0163815
-0.0167221
-0.0170035
-0.0172245
-0.0173844
-0.0174825
-0.0175187
-0.0174931
-0.0174062
-0.0172592
-0.0170532
-0.0167903
-0.0164726
-0.016103
-0.0156848
-0.0152217
-0.0147179
-0.0141783
-0.013608
-0.0130129
-0.0123991
-0.0117733
-0.0111425
-0.0105144
-0.00989683
-0.00929801
-0.00872656
-0.00819132
-0.0077014
-0.00726606
-0.00689472
-0.00659688
-0.00638204
-0.00625968
-0.00623916
-0.0063297
-0.00654024
-0.00687944
-0.00735557
-0.00797644
-0.00874935
-0.00968099
-0.0107774
-0.0120438
-0.0134847
-0.0151036
-0.0169033
-0.0188853
-0.0210501
-0.0233971
-0.0259247
-0.0286298
-0.0315081
-0.0345541
-0.0377608
-0.0411199
-0.0446219
-0.0482556
-0.0520087
-0.0558672
-0.059816
-0.0638386
-0.0679171
-0.0720323
-0.0761638
-0.0802901
-0.0843885
-0.0884353
-0.0924058
-0.0962745
-0.100015
-0.1036
-0.107003
-0.110195
-0.113149
-0.115835
-0.118225
-0.120291
-0.122005
-0.123339
-0.124266
-0.124759
-0.124794
-0.124345
-0.12339
-0.121906
-0.119873
-0.117272
-0.114087
-0.110303
-0.105906
-0.100887
-0.0952362
-0.0889491
-0.0820222
-0.0744553
-0.0662507
-0.0574138
-0.0479528
-0.0378791
-0.0272069
-0.0159536
-0.0041399
0.00821074
0.0210716
0.0344128
0.0482017
0.0624025
0.0769766
0.0918826
0.107076
0.122511
0.138138
0.153906
0.16976
0.185647
0.201508
0.217285
0.232918
0.248346
0.263506
0.278338
0.292777
0.30676
0.320226
0.333112
0.345355
0.356897
0.367678
0.37764
0.386728
0.394888
0.40207
0.408225
0.413308
0.417277
0.420094
0.421724
0.422137
0.421305
0.419206
0.415824
0.411144
0.405159
0.397866
0.389266
0.379367
0.368182
0.355727
0.342026
0.327106
0.311003
0.293753
0.275402
0.255997
0.235593
0.214248
0.192025
0.168992
0.14522
0.120785
0.095766
0.0702458
0.04431
0.0180472
-0.00845171
-0.0350937
-0.0617841
-0.0884266
-0.114924
-0.14118
-0.167095
-0.192572
-0.217514
-0.241826
-0.265413
-0.288183
-0.310046
-0.330914
-0.350703
-0.369332
-0.386725
-0.402809
-0.417516
-0.430783
-0.442553
-0.452772
-0.461396
-0.468383
-0.4737
-0.47732
-0.479221
-0.479389
-0.477819
-0.474509
-0.469467
-0.462708
-0.454253
-0.444131
-0.432377
-0.419033
-0.40415
-0.387782
-0.369993
-0.350851
-0.33043
-0.308811
-0.286079
-0.262325
-0.237644
-0.212136
-0.185904
-0.159055
-0.131699
-0.103948
-0.0759174
-0.0477227
-0.0194811
0.00868965
0.0366718
0.0643479
0.0916018
0.118319
0.144385
0.169692
0.194131
0.217599
0.239995
0.261226
0.281199
0.29983
0.31704
0.332756
0.346909
0.359442
0.370299
0.379436
0.386815
0.392404
0.396183
0.398136
0.398257
0.396549
0.393021
0.387692
0.380589
0.371746
0.361207
0.349021
0.335246
0.319949
0.303201
0.285082
0.265677
0.245078
0.223382
0.200691
0.177114
0.152761
0.127748
0.102193
0.076218
0.0499464
0.0235032
-0.00298533
-0.0293924
-0.0555915
-0.0814567
-0.106863
-0.131689
-0.155812
-0.179117
-0.201489
-0.222818
-0.242999
-0.261932
-0.279522
-0.295681
-0.310327
-0.323385
-0.334786
-0.34447
-0.352384
-0.358483
-0.362732
-0.365102
-0.365575
-0.36414
-0.360795
-0.355548
-0.348415
-0.33942
-0.328599
-0.315993
-0.301652
-0.285635
-0.268009
-0.248849
-0.228235
-0.206257
-0.18301
-0.158594
-0.133116
-0.106688
-0.0794274
-0.0514539
-0.0228921
0.00613098
