Duración RK4: 10.9979 s
1
0.997152
0.988628
0.974493
0.954851
0.929849
0.899672
0.864545
0.824727
0.780514
0.732231
0.680235
0.624907
0.566653
0.505899
0.443085
0.378667
0.313109
0.246881
0.180454
0.1143
0.0488807
-0.0153471
-0.0779414
-0.138476
-0.196544
-0.251763
-0.303772
-0.352243
-0.396875
-0.437403
-0.473594
-0.505253
-0.532223
-0.554384
-0.571657
-0.584001
-0.591416
-0.593941
-0.591652
-0.584664
-0.573129
-0.557231
-0.537189
-0.513252
-0.485696
-0.454825
-0.420965
-0.38446
-0.345672
-0.304978
-0.262764
-0.219421
-0.175347
-0.130937
-0.0865843
-0.0426752
0.000414167
0.0423205
0.0826964
0.121213
0.157564
0.191465
0.22266
0.250918
0.276039
0.297855
0.316229
0.331056
0.342266
0.349822
0.353719
0.353989
0.350691
0.343921
0.333801
0.320484
0.30415
0.285004
0.263273
0.239205
0.213067
0.185141
0.155721
0.125113
0.093627
0.0615792
0.0292862
-0.00293719
-0.0347808
-0.0659421
-0.0961286
-0.125061
-0.152474
-0.178123
-0.201779
-0.223237
-0.242315
-0.258856
-0.272727
-0.283825
-0.292072
-0.297419
-0.299845
-0.299358
-0.295992
-0.28981
-0.280899
-0.269375
-0.255374
-0.239056
-0.220602
-0.200212
-0.178101
-0.1545
-0.129651
-0.103807
-0.0772272
-0.0501764
-0.0229208
0.00427356
0.0311437
0.0574319
0.0828885
0.107274
0.130361
0.151937
0.171806
0.189789
0.205729
0.219487
0.230949
0.240023
0.246642
0.25076
0.252361
0.251448
0.248054
0.24223
0.234056
0.22363
0.211075
0.19653
0.180155
0.162126
0.142635
0.121887
0.100096
0.0774862
0.0542896
0.0307411
0.00707808
-0.0164621
-0.0396448
-0.0622398
-0.0840242
-0.104784
-0.124316
-0.14243
-0.158952
-0.173722
-0.186599
-0.197461
-0.206206
-0.212755
-0.217047
-0.219046
-0.218738
-0.21613
-0.211255
-0.204164
-0.194932
-0.183652
-0.17044
-0.155427
-0.138764
-0.120616
-0.101163
-0.080595
-0.059115
-0.0369332
-0.014266
0.00866567
0.0316387
0.0544299
0.0768184
0.0985874
0.119526
0.139432
0.158113
0.175388
0.19109
0.205067
0.217183
0.227321
0.235379
0.24128
0.244962
0.246387
0.245536
0.242411
0.237037
0.229458
0.219737
0.207959
0.194226
0.178656
0.161387
0.142568
0.122364
0.10095
0.0785137
0.0552486
0.0313558
0.00704106
-0.0174875
-0.0420209
-0.0663515
-0.0902745
-0.113591
-0.136107
-0.15764
-0.178015
-0.197069
-0.214656
-0.230638
-0.244898
-0.257334
-0.26786
-0.276408
-0.282932
-0.2874
-0.289801
-0.290145
-0.288455
-0.284778
-0.279174
-0.271722
-0.262517
-0.251666
-0.239293
-0.225531
-0.210526
-0.194432
-0.17741
-0.159629
-0.141261
-0.12248
-0.103461
-0.084379
-0.0654047
-0.0467057
-0.0284431
-0.0107706
0.00616692
0.0222351
0.0373108
0.0512837
0.064057
0.0755481
0.0856897
0.0944298
0.101732
0.107578
0.111961
0.114895
0.116407
0.11654
0.115349
0.112907
0.109296
0.104611
0.0989583
0.0924517
0.0852139
0.077374
0.0690659
0.0604267
0.0515955
0.0427116
0.0339128
0.025334
0.0171059
0.00935276
0.00219191
-0.00426815
-0.00992881
-0.0147025
-0.0185136
-0.0212994
-0.0230109
-0.0236132
-0.023086
-0.021424
-0.0186368
-0.014749
-0.00979985
-0.0038431
0.00305381
0.0108103
0.0193335
0.0285193
0.0382532
0.0484118
0.0588641
0.0694727
0.0800956
0.0905873
0.100801
0.110589
0.119807
0.128313
0.135969
0.142644
0.148217
0.152573
0.15561
0.157238
0.15738
0.155974
0.152971
0.14834
0.142066
0.134151
0.124614
0.113491
0.100837
0.0867226
0.0712342
0.0544756
0.0365651
0.0176355
-0.00216748
-0.022686
-0.0437518
-0.0651875
-0.0868082
-0.108423
-0.129838
-0.150856
-0.171279
-0.190912
-0.209563
-0.227045
-0.243179
-0.257794
-0.27073
-0.28184
-0.290991
-0.298065
-0.302962
-0.305599
-0.305912
-0.303858
-0.299413
-0.292575
-0.283365
-0.271823
-0.258012
-0.242015
-0.223938
-0.203905
-0.18206
-0.158564
-0.133598
-0.107355
-0.0800444
-0.0518864
-0.0231125
0.00603739
0.035317
0.0644757
0.0932604
0.121418
0.148699
0.174856
0.199649
0.222849
0.244235
0.263602
0.280757
0.295526
0.307753
0.317302
0.324058
0.327929
0.328848
0.32677
0.321678
0.313578
0.302504
0.288515
0.271693
0.25215
0.230017
0.205452
0.178634
0.149762
0.119057
0.0867537
0.053106
0.0183803
-0.0171453
-0.0531832
-0.0894388
-0.125613
-0.161404
-0.196511
-0.230635
-0.263484
-0.294774
-0.324228
-0.351586
-0.376601
-0.399041
-0.418697
-0.435378
-0.448917
-0.459171
-0.466022
-0.469379
-0.469178
-0.465383
-0.457988
-0.447013
-0.432511
-0.414558
-0.393262
-0.368757
-0.341202
-0.310783
-0.277709
-0.242208
-0.204533
-0.164952
-0.123749
-0.0812242
-0.0376862
0.00654556
0.0511456
0.0957847
0.140133
0.18386
0.226643
0.268163
0.30811
0.346189
0.382116
0.415625
0.446468
0.474416
0.499265
0.520834
0.538966
0.553531
0.564429
0.571585
0.574954
0.57452
0.570298
0.562328
0.550683
0.535461
0.516788
0.494816
0.469721
0.441702
0.410982
0.377799
0.342413
0.305097
0.266137
0.22583
0.184483
0.142406
0.0999153
0.0573248
0.0149487
-0.0269038
-0.0679303
-0.107838
-0.146344
-0.183182
-0.218099
-0.25086
-0.281251
-0.309079
-0.334171
-0.35638
-0.375583
-0.391683
-0.40461
-0.414317
-0.420787
-0.424029
-0.424076
-0.42099
-0.414855
-0.40578
-0.393897
-0.37936
-0.362341
-0.343033
-0.321644
-0.298397
-0.273526
-0.247278
-0.219906
-0.191671
-0.162836
-0.133667
-0.104427
-0.0753768
-0.046773
-0.0188633
0.00811409
0.0339322
0.0583777
0.0812525
0.102375
0.121582
0.13873
0.153696
0.166377
0.176695
0.184592
0.190034
0.193009
0.19353
0.191632
0.18737
0.180822
0.172088
0.161285
0.148549
0.134034
0.117909
0.100356
0.0815705
0.0617569
0.0411287
0.0199058
-0.00168745
-0.0234245
-0.0450783
-0.0664236
-0.0872388
-0.107308
-0.126423
-0.144384
-0.161003
-0.176106
-0.18953
-0.201132
-0.210781
-0.218367
-0.223799
-0.227002
-0.227926
-0.226538
-0.222826
-0.2168
-0.20849
-0.197946
-0.185237
-0.170454
-0.153703
-0.135109
-0.114812
-0.0929671
-0.0697445
-0.0453248
-0.0198996
0.0063309
0.0331592
0.0603727
0.0877552
0.115089
0.142156
0.168741
0.194631
0.219622
0.243513
0.266115
0.287247
0.306743
0.324446
0.340218
0.353934
0.365485
0.37478
0.381747
0.386332
0.388499
0.388231
0.385531
0.380421
0.372941
0.363149
0.351123
0.336955
0.320755
0.302647
0.28277
0.261277
0.238329
0.214101
0.188775
0.16254
0.135592
0.108129
0.0803547
0.0524708
0.0246795
-0.00281941
-0.0298299
-0.0561616
-0.0816305
-0.106061
-0.129288
-0.151155
-0.171519
-0.190249
-0.207229
-0.222356
-0.235543
-0.246719
-0.255829
-0.262833
-0.267709
-0.270452
-0.271072
-0.269596
-0.266067
-0.260541
-0.253092
-0.243806
-0.232781
-0.22013
-0.205974
-0.190447
-0.17369
-0.155852
-0.137089
-0.117562
-0.0974347
-0.0768748
-0.0560506
-0.0351305
-0.0142813
0.00633269
0.0265513
0.0462191
0.0651872
0.0833136
0.100465
0.116517
0.131354
0.144874
0.156984
0.167602
0.176662
0.184107
0.189895
0.193996
0.196393
0.197083
0.196075
0.193391
0.189064
0.18314
0.175677
0.16674
0.156409
0.144769
0.131915
0.11795
0.102983
0.087129
0.0705073
0.0532416
0.0354582
0.0172854
-0.00114758
-0.0197118
-0.038279
-0.0567232
-0.0749208
-0.0927522
-0.110102
-0.12686
-0.142922
-0.15819
-0.172574
-0.18599
-0.198363
-0.209627
-0.219723
-0.228601
-0.236223
-0.242556
-0.24758
-0.25128
-0.253654
-0.254706
-0.25445
-0.252907
-0.250108
-0.246089
-0.240896
-0.234577
-0.227191
-0.218801
-0.209472
-0.199278
-0.188293
-0.176596
-0.164269
-0.151394
-0.138056
-0.12434
-0.110331
-0.0961132
-0.0817709
-0.067386
-0.0530386
-0.0388062
-0.0247634
-0.0109816
0.00247177
0.015533
0.0281429
0.0402467
0.0517943
0.0627407
0.0730457
0.0826744
0.0915967
0.0997879
0.107228
0.113903
0.119803
0.124923
0.129262
0.132825
0.13562
0.137659
0.138959
0.139539
0.139422
0.138634
0.137203
0.135159
0.132537
0.12937
0.125694
0.121547
0.116966
0.111991
0.10666
0.101011
0.0950853
0.0889194
0.0825518
0.0760194
0.0693582
0.0626029
0.0557871
0.0489429
0.0421006
0.0352891
0.0285355
0.0218651
0.0153013
0.00886559
0.00257772
-0.00354458
-0.00948543
-0.0152308
-0.0207686
-0.0260883
-0.0311812
-0.0360405
-0.0406606
-0.0450377
-0.0491694
-0.0530545
-0.0566932
-0.060087
-0.0632382
-0.0661503
-0.0688277
-0.0712754
-0.0734994
-0.0755061
-0.0773025
-0.0788962
-0.0802949
-0.0815069
-0.0825405
-0.0834042
-0.0841067
-0.0846565
-0.0850623
-0.0853326
-0.0854757
-0.0855
-0.0854134
-0.0852236
-0.0849381
-0.0845642
-0.0841086
-0.0835778
-0.082978
-0.0823149
-0.081594
-0.0808201
-0.079998
-0.0791318
-0.0782253
-0.0772819
-0.0763049
-0.0752967
-0.0742598
-0.0731963
-0.0721076
-0.0709953
-0.0698604
-0.0687036
-0.0675255
-0.0663264
-0.0651063
-0.0638651
-0.0626025
-0.0613181
-0.0600112
-0.0586811
-0.0573271
-0.0559483
-0.0545437
-0.0531125
-0.0516537
-0.0501664
-0.0486496
-0.0471026
-0.0455246
-0.0439148
-0.0422727
-0.0405978
-0.0388896
-0.037148
-0.0353728
-0.033564
-0.0317219
-0.0298467
-0.027939
-0.0259993
-0.0240285
-0.0220274
-0.0199973
-0.0179392
-0.0158546
-0.0137449
-0.0116117
-0.00945679
-0.00728194
-0.00508907
-0.00288018
-0.000657351
0.00157728
0.00382152
0.00607312
0.00832977
0.0105891
0.0128489
0.0151066
0.0173599
0.0196063
0.0218434
0.0240686
0.0262796
0.0284736
0.0306482
0.0328008
0.0349286
0.037029
0.0390992
0.0411364
0.0431376
0.0450998
0.0470199
0.0488946
0.0507208
0.0524949
0.0542133
0.0558725
0.0574685
0.0589975
0.0604555
0.0618383
0.0631417
0.0643615
0.0654932
0.0665326
0.0674751
0.0683166
0.0690526
0.069679
0.0701918
0.0705871
0.0708612
0.0710107
0.0710328
0.0709247
0.0706843
0.0703099
0.0698003
0.069155
0.0683742
0.0674587
0.0664102
0.065231
0.0639243
0.0624945
0.0609464
0.059286
0.0575202
0.0556569
0.0537048
0.0516736
0.0495739
0.047417
0.0452153
0.0429817
0.04073
0.0384743
0.0362295
0.0340108
0.0318338
0.029714
0.0276672
0.0257091
0.0238551
0.0221202
0.0205188
0.0190648
0.017771
0.0166493
0.0157103
0.0149635
0.0144165
0.0140755
0.0139449
0.0140271
0.0143225
0.0148292
0.0155432
0.0164582
0.0175654
0.0188537
0.0203095
0.0219168
0.0236573
0.0255102
0.0274526
0.0294595
0.0315037
0.0335562
0.0355866
0.0375626
0.039451
0.0412176
0.0428273
0.0442447
0.0454345
0.0463613
0.0469905
0.0472883
0.0472222
0.0467616
0.0458776
0.0445437
0.0427364
0.040435
0.0376224
0.0342852
0.0304141
0.026004
0.0210545
0.0155701
0.00956003
0.00303892
-0.00397341
-0.0114518
-0.0193657
-0.0276792
-0.036351
-0.0453349
-0.0545792
-0.0640277
