Duración RK4: 190.619 s
1
0.995454
0.98187
0.959404
0.928317
0.888966
0.841806
0.78738
0.726311
0.659298
0.587106
0.510555
0.430511
0.347872
0.263564
0.178522
0.0936809
0.00996645
-0.0717193
-0.150508
-0.225573
-0.296146
-0.361516
-0.421048
-0.474183
-0.520446
-0.559453
-0.590913
-0.614632
-0.630511
-0.638553
-0.638852
-0.6316
-0.617078
-0.595651
-0.567766
-0.533942
-0.494762
-0.450867
-0.402945
-0.351722
-0.297951
-0.242402
-0.185855
-0.129082
-0.0728451
-0.0178813
0.0351052
0.0854518
0.132546
0.175834
0.214823
0.249094
0.278298
0.302167
0.32051
0.33322
0.34027
0.341714
0.337681
0.32838
0.314087
0.295145
0.271956
0.244975
0.214703
0.181679
0.14647
0.109664
0.0718618
0.0336655
-0.00432745
-0.0415342
-0.0773945
-0.111379
-0.142995
-0.171795
-0.197381
-0.21941
-0.2376
-0.25173
-0.261645
-0.267255
-0.268538
-0.265537
-0.258361
-0.247179
-0.232219
-0.213765
-0.192147
-0.167743
-0.140964
-0.112254
-0.0820818
-0.0509301
-0.0192918
0.0123393
0.0434754
0.0736423
0.102386
0.129281
0.153932
0.175986
0.195132
0.211106
0.223699
0.232751
0.238162
0.239888
0.237941
0.232389
0.223355
0.211015
0.195592
0.177356
0.156616
0.133716
0.109032
0.0829615
0.05592
0.0283341
0.000634816
-0.0267494
-0.0533988
-0.0789089
-0.102897
-0.125005
-0.144912
-0.162327
-0.177007
-0.188748
-0.197396
-0.202845
-0.205039
-0.203975
-0.199697
-0.192301
-0.181929
-0.16877
-0.153052
-0.135044
-0.115045
-0.093385
-0.0704177
-0.0465134
-0.0220551
0.00256856
0.0269686
0.050762
0.0735778
0.095062
0.114884
0.13274
0.148358
0.161505
0.171984
0.179641
0.184369
0.186103
0.184826
0.18057
0.173408
0.163461
0.15089
0.135898
0.11872
0.0996275
0.0789178
0.0569119
0.0339489
0.0103809
-0.0134325
-0.0371301
-0.0603544
-0.0827568
-0.104003
-0.12378
-0.141796
-0.157791
-0.171534
-0.182833
-0.191533
-0.197521
-0.200724
-0.201113
-0.198705
-0.193556
-0.185767
-0.175476
-0.162863
-0.148138
-0.131545
-0.113356
-0.0938636
-0.0733815
-0.0522353
-0.0307593
-0.00929095
0.0118342
0.032288
0.0517547
0.0699359
0.0865546
0.10136
0.114132
0.124682
0.132859
0.13855
0.14168
0.142217
0.140171
0.135591
0.128567
0.119229
0.107743
0.0943073
0.0791541
0.0625412
0.0447501
0.0260809
0.00684838
-0.0126237
-0.032007
-0.0509741
-0.0692033
-0.0863838
-0.10222
-0.116437
-0.128784
-0.139039
-0.14701
-0.152541
-0.155513
-0.155846
-0.153501
-0.148477
-0.140818
-0.130605
-0.117961
-0.103044
-0.0860484
-0.067202
-0.0467603
-0.0250045
-0.00223698
0.021223
0.0450442
0.0688881
0.0924137
0.115283
0.137165
0.157742
0.176713
0.193798
0.208743
0.221323
0.231345
0.238652
0.243123
0.244678
0.243275
0.238915
0.231637
0.221523
0.208691
0.193298
0.175535
0.155624
0.133817
0.110392
0.0856443
0.0598901
0.0334556
0.00667543
-0.0201129
-0.0465735
-0.0723769
-0.0972045
-0.120753
-0.142739
-0.1629
-0.181003
-0.196843
-0.210247
-0.221076
-0.229228
-0.234636
-0.237272
-0.237143
-0.234294
-0.228806
-0.220792
-0.210399
-0.197801
-0.183201
-0.166821
-0.148907
-0.129719
-0.109528
-0.0886126
-0.0672571
-0.0457435
-0.0243499
-0.0033459
0.0170111
0.0364794
0.0548359
0.0718792
0.0874322
0.101344
0.11349
0.123777
0.13214
0.138545
0.142985
0.145484
0.146094
0.144892
0.141981
0.137484
0.131545
0.124324
0.115995
0.106742
0.0967554
0.0862307
0.075363
0.0643445
0.0533615
0.0425912
0.0321988
0.0223353
0.013135
0.00471381
-0.00283258
-0.00942952
-0.0150243
-0.0195867
-0.0231085
-0.0256033
-0.027106
-0.0276709
-0.0273707
-0.0262944
-0.0245454
-0.0222385
-0.0194984
-0.0164557
-0.0132453
-0.0100026
-0.00686116
-0.00394971
-0.0013895
0.000708247
0.00224469
0.00313549
0.00331257
0.00272572
0.00134367
-0.000845041
-0.00383164
-0.00758709
-0.0120624
-0.0171895
-0.0228821
-0.0290372
-0.0355373
-0.0422517
-0.0490396
-0.0557524
-0.0622363
-0.0683354
-0.0738949
-0.0787636
-0.0827975
-0.0858622
-0.0878362
-0.0886131
-0.0881044
-0.0862414
-0.0829772
-0.0782881
-0.0721747
-0.0646628
-0.0558033
-0.0456728
-0.0343721
-0.022026
-0.00878161
0.00519375
0.0197143
0.0345787
0.0495728
0.0644725
0.0790479
0.0930659
0.106294
0.118506
0.129483
0.139017
0.146917
0.153011
0.15715
0.159208
0.159088
0.156723
0.152077
0.145146
0.135961
0.124586
0.11112
0.0956925
0.0784668
0.0596351
0.0394175
0.0180589
-0.00417377
-0.0269957
-0.0501073
-0.0731992
-0.0959556
-0.11806
-0.139198
-0.159065
-0.177366
-0.193827
-0.208192
-0.220231
-0.229744
-0.236563
-0.240556
-0.241627
-0.239722
-0.234827
-0.226971
-0.216222
-0.202695
-0.186541
-0.167953
-0.147159
-0.124421
-0.100034
-0.0743167
-0.0476122
-0.0202811
0.00730333
0.0347598
0.0617049
0.0877584
0.112549
0.135718
0.156929
0.175868
0.19225
0.205826
0.216383
0.223749
0.227797
0.228447
0.225665
0.219469
0.209924
0.197146
0.181297
0.162587
0.141268
0.117635
0.0920162
0.0647752
0.0363019
0.00700844
-0.0226761
-0.0523121
-0.0814556
-0.109664
-0.136504
-0.161555
-0.184419
-0.204723
-0.222126
-0.236327
-0.247063
-0.254121
-0.257335
-0.256595
-0.251842
-0.243077
-0.230356
-0.213792
-0.193555
-0.169869
-0.14301
-0.113301
-0.0811109
-0.0468488
-0.0109578
0.0260899
0.0637992
0.101659
0.139149
0.175747
0.210934
0.244206
0.275076
0.303084
0.327803
0.348842
0.365859
0.378558
0.386698
0.390098
0.388636
0.382252
0.370955
0.354814
0.333967
0.308613
0.279015
0.245492
0.20842
0.168226
0.125379
0.0803903
0.033804
-0.0138105
-0.0618644
-0.109758
-0.156887
-0.202652
-0.246467
-0.287764
-0.326001
-0.360675
-0.391319
-0.417517
-0.438905
-0.455176
-0.466086
-0.471456
-0.471178
-0.465209
-0.45358
-0.436392
-0.413814
-0.386085
-0.353506
-0.316439
-0.275305
-0.230573
-0.182759
-0.132418
-0.0801353
-0.0265225
0.0277935
0.0821764
0.135989
0.188603
0.239402
0.287796
0.333222
0.375158
0.413122
0.446683
0.475467
0.499156
0.517498
0.530304
0.537456
0.538903
0.534665
0.52483
0.509554
0.489055
0.463617
0.433578
0.39933
0.361312
0.320007
0.275929
0.229623
0.181654
0.1326
0.0830466
0.0335765
-0.0152358
-0.0628321
-0.108677
-0.152266
-0.193128
-0.230837
-0.265009
-0.295314
-0.321475
-0.343272
-0.360546
-0.373196
-0.381183
-0.384528
-0.383311
-0.377671
-0.367798
-0.353936
-0.336375
-0.315445
-0.291515
-0.264987
-0.236283
-0.20585
-0.174143
-0.141626
-0.108762
-0.0760048
-0.0437988
-0.0125675
0.0172899
0.0454038
0.071439
0.0950987
0.116128
0.134317
0.149503
0.16157
0.170455
0.176139
0.178656
0.178084
0.174548
0.168214
0.159288
0.148011
0.134654
0.119515
0.102913
0.0851827
0.0666704
0.0477265
0.0287007
0.00993724
-0.00823134
-0.0254887
-0.0415398
-0.0561151
-0.0689746
-0.0799113
-0.0887542
-0.0953705
-0.0996676
-0.101594
-0.10114
-0.0983373
-0.0932582
-0.0860144
-0.0767548
-0.065663
-0.0529541
-0.0388712
-0.0236815
-0.00767145
0.00885712
0.0255925
0.0422177
0.0584158
0.0738748
0.0882928
0.101383
0.112876
0.12253
0.130127
0.135482
0.138445
0.138899
0.136771
0.132023
0.124662
0.114734
0.102325
0.087563
0.0706121
0.0516729
0.0309792
0.0087946
-0.014591
-0.0388656
-0.0636991
-0.0887487
-0.113663
-0.138088
-0.16167
-0.184063
-0.204935
-0.223967
-0.240863
-0.255353
-0.267197
-0.276186
-0.282149
-0.284954
-0.284509
-0.280764
-0.273714
-0.263397
-0.249893
-0.233327
-0.213862
-0.191702
-0.167087
-0.140291
-0.111615
-0.0813886
-0.049962
-0.0177019
0.0150125
0.0477954
0.0802587
0.112018
0.142695
0.171929
0.199372
0.224703
0.247624
0.267869
0.285208
0.299444
0.310422
0.318029
0.322191
0.322882
0.320116
0.313953
0.304493
0.291879
0.276291
0.257947
0.237097
0.214021
0.189026
0.162438
0.134604
0.105881
0.0766348
0.0472342
0.0180461
-0.0105689
-0.0382621
-0.0647001
-0.0895701
-0.112583
-0.133478
-0.152024
-0.168026
-0.181322
-0.191791
-0.199349
-0.203952
-0.205598
-0.204322
-0.200201
-0.193348
-0.183911
-0.172073
-0.158045
-0.14207
-0.12441
-0.105349
-0.0851881
-0.064239
-0.0428208
-0.0212559
0.000134734
0.0210362
0.0411435
0.0601659
0.077831
0.0938876
0.10811
0.1203
0.13029
0.137946
0.143165
0.145883
0.14607
0.143732
0.138912
0.131687
0.122168
0.110499
0.0968527
0.0814298
0.0644555
0.0461763
0.0268567
0.00677532
-0.0137788
-0.0345102
-0.0551211
-0.0753151
-0.0948017
-0.1133
-0.130541
-0.146275
-0.16027
-0.172318
-0.182237
-0.189873
-0.195101
-0.197829
-0.197996
-0.195577
-0.190577
-0.183038
-0.173033
-0.160666
-0.146073
-0.129417
-0.110889
-0.0907003
-0.0690868
-0.0463006
-0.0226085
0.00171151
0.0263738
0.0510886
0.0755661
0.0995194
0.122669
0.144744
0.16549
0.184666
0.202053
0.217452
0.230691
0.241621
0.250123
0.256108
0.259514
0.260314
0.258507
0.254126
0.247233
0.237918
0.226298
0.212519
0.196747
0.179173
0.160005
0.13947
0.117805
0.0952623
0.0720985
0.0485764
0.0249601
0.00151199
-0.0215103
-0.0438567
-0.0652875
-0.0855762
-0.104512
-0.121902
-0.137573
-0.151373
-0.163174
-0.172871
-0.180386
-0.185665
-0.188681
-0.189432
-0.187942
-0.184259
-0.178457
-0.170632
-0.160898
-0.149394
-0.136274
-0.121707
-0.105877
-0.0889798
-0.0712181
-0.0528027
-0.0339479
-0.0148696
0.00421711
0.0231004
0.0415741
0.0594397
0.0765083
0.0926031
0.10756
0.121231
0.133483
0.144201
0.153289
0.160669
0.166282
0.17009
0.172074
0.172235
0.170592
0.167184
0.162066
0.155311
0.147007
0.137256
0.126173
0.113885
0.100527
0.0862441
0.0711872
0.0555116
0.0393757
0.0229394
0.00636202
-0.010199
-0.0265898
-0.0426615
-0.0582715
-0.0732849
-0.0875756
-0.101027
-0.113534
-0.125001
-0.135348
-0.144502
-0.152409
-0.159024
-0.164315
-0.168264
-0.170867
-0.17213
-0.172071
-0.170721
-0.168122
-0.164322
-0.159384
-0.153374
-0.146368
-0.138449
-0.129704
-0.120224
-0.110106
-0.0994465
-0.0883459
-0.0769036
-0.0652194
-0.0533916
-0.0415164
-0.0296875
-0.0179948
-0.00652395
0.00464387
0.0154329
0.0257731
0.0356004
0.0448571
0.0534922
0.0614613
0.0687269
0.0752582
0.0810313
0.086029
0.0902406
0.0936618
0.0962942
0.0981455
0.0992286
0.0995617
0.0991676
0.0980736
0.0963109
0.0939141
0.0909209
0.0873717
0.0833092
0.0787777
0.0738228
0.0684914
0.0628307
0.056888
0.0507107
0.0443456
0.0378386
0.0312346
0.0245771
0.017908
0.0112675
0.00469364
-0.00177763
-0.00811265
-0.0142802
-0.0202514
-0.0260001
-0.0315028
-0.0367383
-0.0416884
-0.0463373
-0.0506718
-0.0546811
-0.0583571
-0.0616939
-0.0646879
-0.0673377
